633.843 407.549
808.287 407.113
982.628 406.841
1157.35 406.63
1331.5 406.602
1505.75 406.856
1678.55 407.191
287.02 408.957
459.996 408.18
808.95 581.724
983.027 581.557
1157.38 581.324
1331.29 581.197
1505.05 581.171
1677.61 581.223
288.65 583.032
461.312 582.534
634.832 582.076
983.31 755.532
1157.38 755.309
1330.83 755.008
1504.24 754.847
1676.43 754.659
290.565 756.522
462.913 756.315
635.949 756.06
809.632 755.83
292.807 929.086
464.703 929.117
637.261 929.026
810.516 928.928
983.728 928.735
1157.26 928.43
1330.26 928.052
1503.25 927.632
1674.95 927.215
295.286 1100.66
466.643 1100.88
638.715 1100.98
811.416 1100.95
984.122 1100.77
1157.09 1100.41
1329.61 1099.95
1502.02 1099.42
1673.19 1098.73
1328.87 1270.61
1500.61 1269.93
1671.26 1269.01
298.054 1270.98
468.762 1271.49
640.315 1271.77
812.425 1271.85
984.528 1271.66
1156.97 1271.24
